7	7	5	5	1	1	0.09072	9.1827e-10	0.0567	1.265e-08	1	1	1	1	1
7	7	5	5	1	1	5602	5.6703e-05	202.29	4.513e-05	1	1	1	1.6194e-05	0.00028029
7	7	5	5	1	1	659.22	4.2528e-05	202.29	1.305e-05	3.2588	0.78024	0.94409	1.6194e-05	0.00028029
7	7	5	5	2	2	0.09072	4.6296e-09	0.0567	4.2517e-08	1	1	1	1	1
7	7	5	5	2	2	3358.7	0.0001714	132.85	9.9615e-05	1	1	1	2.701e-05	0.00042681
7	7	5	5	2	2	500.71	0.00012855	132.85	3.4107e-05	3.7691	0.80706	0.94409	2.701e-05	0.00042681
7	7	5	5	3	3	0.09072	3.0864e-08	0.0567	1.5117e-07	1	1	1	1	1
7	7	5	5	3	3	1738.4	0.00059144	76.057	0.00020278	1	1	1	5.2185e-05	0.0007455
7	7	5	5	3	3	307.23	0.00035629	76.057	8.8201e-05	4.0395	0.86396	0.9036	5.2185e-05	0.0007455
7	7	5	5	4	4	0.09072	3.125e-07	0.0567	6.1224e-07	1	1	1	1	1
7	7	5	5	4	4	696.28	0.0023984	34.031	0.00036746	1	1	1	0.00013029	0.0016661
7	7	5	5	4	4	156.68	0.0010931	34.031	0.00023743	4.6042	0.94561	0.85457	0.00013029	0.0016661
7	7	5	5	5	5	0.09072	6.5306e-06	0.0567	3.2653e-06	1	1	1	1	1
7	7	5	5	5	5	154.16	0.011098	8.4725	0.00048793	1	1	1	0.00058846	0.0066922
7	7	5	5	5	5	53.388	0.0036038	8.4725	0.00057192	6.3013	1.0807	0.79527	0.00058846	0.0066922
5	3	3	3	0	0	0.09072	1.875e-07	0.05796	2.4107e-06	1	1	1	1	1
5	3	3	3	0	0	329.11	0.0006802	32.424	0.0013486	1	1	1	0.00027565	0.0017876
5	3	3	3	0	0	44.637	0.0006802	31.719	0.00048335	1.4073	0.71033	0.90856	0.00027565	0.0017876
5	3	3	3	0	1	0.09072	3.75e-07	0.05796	4.8214e-06	1	1	1	1	1
5	3	3	3	0	1	267.74	0.0011067	26.378	0.0021943	1	1	1	0.00033883	0.0021973
5	3	3	3	0	1	36.314	0.0011067	25.805	0.00078645	1.4073	0.71033	0.90856	0.00033883	0.0021973
5	3	3	3	0	2	0.09072	9.375e-07	0.07245	8.9286e-06	1	1	1	1	1
5	3	3	3	0	2	195.27	0.0020179	24.048	0.0029636	1	1	1	0.00046458	0.0030127
5	3	3	3	0	2	30.725	0.0020179	18.82	0.0012361	1.6326	0.82405	0.74536	0.00046458	0.0030127
5	3	3	3	0	3	0.09072	3.75e-06	0.0966	1.7857e-05	1	1	1	1	1
5	3	3	3	0	3	108.05	0.0044664	17.742	0.0032798	1	1	1	0.00083959	0.0054446
5	3	3	3	0	3	22.048	0.0044664	10.414	0.0021096	2.1172	1.0687	0.52705	0.00083959	0.0054446
5	3	3	3	1	0	0.09072	5e-07	0.05796	3.8571e-06	1	1	1	1	1
5	3	3	3	1	0	249.02	0.0013725	26.378	0.0017554	1	1	1	0.00036431	0.0021973
5	3	3	3	1	0	46.478	0.0013725	25.805	0.000762	1.8011	0.75716	0.90856	0.00036431	0.0021973
5	3	3	3	1	1	0.09072	1e-06	0.05796	7.7143e-06	1	1	1	1	1
5	3	3	3	1	1	202.59	0.0022331	21.46	0.0028562	1	1	1	0.0004478	0.0027009
5	3	3	3	1	1	37.812	0.0022331	20.993	0.0012398	1.8011	0.75716	0.90856	0.0004478	0.0027009
5	3	3	3	1	2	0.09072	2.5e-06	0.07245	1.4286e-05	1	1	1	1	1
5	3	3	3	1	2	147.75	0.0040717	19.564	0.0038576	1	1	1	0.000614	0.0037032
5	3	3	3	1	2	31.992	0.0040717	15.311	0.0019486	2.0895	0.87838	0.74536	0.000614	0.0037032
5	3	3	3	1	3	0.09072	1e-05	0.0966	2.8571e-05	1	1	1	1	1
5	3	3	3	1	3	81.758	0.0090121	14.434	0.0042692	1	1	1	0.0011096	0.0066925
5	3	3	3	1	3	22.957	0.0090121	8.4722	0.0033258	2.7097	1.1391	0.52705	0.0011096	0.0066925
5	3	3	3	2	0	0.09072	1.75e-06	0.05796	6.75e-06	1	1	1	1	1
5	3	3	3	2	0	166.57	0.0032132	19.238	0.0022405	1	1	1	0.00054463	0.0030127
5	3	3	3	2	0	47.947	0.0032132	18.82	0.0012613	2.5476	0.82569	0.90856	0.00054463	0.0030127
5	3	3	3	2	1	0.09072	3.5e-06	0.05796	1.35e-05	1	1	1	1	1
5	3	3	3	2	1	135.51	0.0052281	15.651	0.0036455	1	1	1	0.00066945	0.0037032
5	3	3	3	2	1	39.007	0.0052281	15.311	0.0020522	2.5476	0.82569	0.90856	0.00066945	0.0037032
5	3	3	3	2	2	0.09072	8.75e-06	0.07245	2.5e-05	1	1	1	1	1
5	3	3	3	2	2	98.833	0.0095325	14.268	0.0049236	1	1	1	0.00091791	0.0050776
5	3	3	3	2	2	33.003	0.0095325	11.167	0.0032254	2.9555	0.95788	0.74536	0.00091791	0.0050776
5	3	3	3	2	3	0.09072	3.5e-05	0.0966	5e-05	1	1	1	1	1
5	3	3	3	2	3	54.689	0.021099	10.527	0.0054488	1	1	1	0.0016588	0.0091763
5	3	3	3	2	3	23.683	0.021099	6.179	0.0055048	3.8328	1.2422	0.52705	0.0016588	0.0091763
5	3	3	3	3	0	0.09072	1.05e-05	0.05796	1.35e-05	1	1	1	1	1
5	3	3	3	3	0	83.114	0.0096197	10.645	0.0024795	1	1	1	0.0010915	0.0054446
5	3	3	3	3	0	47.537	0.0096197	10.414	0.0021074	4.5647	0.94724	0.90856	0.0010915	0.0054446
5	3	3	3	3	1	0.09072	2.1e-05	0.05796	2.7e-05	1	1	1	1	1
5	3	3	3	3	1	67.617	0.015652	8.6604	0.0040344	1	1	1	0.0013417	0.0066925
5	3	3	3	3	1	38.673	0.015652	8.4722	0.0034289	4.5647	0.94724	0.90856	0.0013417	0.0066925
5	3	3	3	3	2	0.09072	5.25e-05	0.07245	5e-05	1	1	1	1	1
5	3	3	3	3	2	49.314	0.028538	7.8953	0.0054488	1	1	1	0.0018396	0.0091763
5	3	3	3	3	2	32.721	0.028538	6.179	0.0053892	5.2955	1.0989	0.74536	0.0018396	0.0091763
5	3	3	3	3	3	0.09072	0.00021	0.0966	0.0001	1	1	1	1	1
5	3	3	3	3	3	27.288	0.063166	5.8251	0.0060301	1	1	1	0.0033246	0.016583
5	3	3	3	3	3	23.48	0.063166	3.4191	0.0091979	6.8675	1.4251	0.52705	0.0033246	0.016583
17	17	17	17	1	1	0.41682	5.9532e-21	19.834	3.7808e-19	1	1	1	1	1
17	17	17	17	1	1	15520	2.2167e-16	11537	2.1992e-16	1	1	1	2.6856e-05	0.0017192
17	17	17	17	1	1	30988	5.9054e-16	11540	2.1992e-16	2.6853	1	1.0593	2.6856e-05	0.0017192
17	17	17	17	2	2	0.42984	2.5324e-20	19.834	1.6083e-18	1	1	1	1	1
17	17	17	17	2	2	12387	7.2981e-16	8928.9	7.2403e-16	1	1	1	3.47e-05	0.0022213
17	17	17	17	2	2	24420	1.9442e-15	9093.9	7.2403e-16	2.6853	1.0011	1.0582	3.47e-05	0.0022213
17	17	17	17	3	3	0.43856	1.1525e-19	19.834	7.3196e-18	1	1	1	1	1
17	17	17	17	3	3	9626	2.5297e-15	6800.5	2.5097e-15	1	1	1	4.556e-05	0.0029165
17	17	17	17	3	3	18819	6.7392e-15	7008.3	2.5097e-15	2.6853	1.0018	1.0575	4.556e-05	0.0029165
17	17	17	17	4	4	0.44141	5.651e-19	19.834	3.5888e-17	1	1	1	1	1
17	17	17	17	4	4	7248.3	9.2793e-15	5087.7	9.2058e-15	1	1	1	6.0899e-05	0.0038984
17	17	17	17	4	4	14133	2.472e-14	5263	9.2058e-15	2.6853	1.002	1.0572	6.0899e-05	0.0038984
17	17	17	17	1	1	0.41682	5.9532e-21	19.834	3.7808e-19	1	1	1	1	1
17	17	17	17	1	1	15520	2.2167e-16	11537	2.1992e-16	1	1	1	2.6856e-05	0.0017192
17	17	17	17	1	1	30988	5.9054e-16	11540	2.1992e-16	2.6853	1	1.0593	2.6856e-05	0.0017192
17	17	17	17	2	2	0.42984	2.5324e-20	19.834	1.6083e-18	1	1	1	1	1
17	17	17	17	2	2	12387	7.2981e-16	8928.9	7.2403e-16	1	1	1	3.47e-05	0.0022213
17	17	17	17	2	2	24420	1.9442e-15	9093.9	7.2403e-16	2.6853	1.0011	1.0582	3.47e-05	0.0022213
17	17	17	17	3	3	0.43856	1.1525e-19	19.834	7.3196e-18	1	1	1	1	1
17	17	17	17	3	3	9626	2.5297e-15	6800.5	2.5097e-15	1	1	1	4.556e-05	0.0029165
17	17	17	17	3	3	18819	6.7392e-15	7008.3	2.5097e-15	2.6853	1.0018	1.0575	4.556e-05	0.0029165
17	17	17	17	4	4	0.44141	5.651e-19	19.834	3.5888e-17	1	1	1	1	1
17	17	17	17	1	1	0.41682	5.9532e-21	19.834	3.7808e-19	1	1	1	1	1
