1, 	 7, 	 7, 	 6, 	 6, 	 1, 	 1, 	 9294.5084, 	 0, 	 202.559, 	 2.6361e-05, 	 1, 	 1, 	 1, 	 y,  	 1.000000e-12 
1, 	 7, 	 7, 	 6, 	 6, 	 1, 	 1, 	 250388544706519.5, 	 0, 	 250388530862378.5, 	 0.0001349, 	 5.1173, 	 0.79321, 	 99.4905, 	 y,  	 1.000000e-12 
1, 	 7, 	 7, 	 6, 	 6, 	 2, 	 2, 	 6173.7882, 	 0, 	 148.2586, 	 7.7178e-05, 	 1, 	 1, 	 1, 	 y,  	 1.000000e-12 
1, 	 7, 	 7, 	 6, 	 6, 	 2, 	 2, 	 166742042454981.5, 	 0, 	 166742070608316.7, 	 0.00038992, 	 5.0523, 	 0.79358, 	 98.0997, 	 y,  	 1.000000e-12 
1, 	 7, 	 7, 	 6, 	 6, 	 3, 	 3, 	 3729.9771, 	 0, 	 101.7225, 	 0.00025629, 	 1, 	 1, 	 1, 	 y,  	 1.000000e-12 
1, 	 7, 	 7, 	 6, 	 6, 	 3, 	 3, 	 99085120306113.2, 	 0, 	 99085123295047.45, 	 0.0012513, 	 4.8825, 	 0.79388, 	 96.2877, 	 y,  	 1.000000e-12 
1, 	 7, 	 7, 	 6, 	 6, 	 4, 	 4, 	 1949.3413, 	 0, 	 63.6304, 	 0.001002, 	 1, 	 1, 	 1, 	 y,  	 1.000000e-12 
1, 	 7, 	 7, 	 6, 	 6, 	 4, 	 4, 	 48490523865680.85, 	 0, 	 48490523286755.27, 	 0.0044748, 	 4.4659, 	 0.79584, 	 93.5812, 	 y,  	 1.000000e-12 
1, 	 7, 	 7, 	 6, 	 6, 	 5, 	 5, 	 790.8169, 	 0, 	 34.4976, 	 0.0048891, 	 1, 	 1, 	 1, 	 y,  	 1.000000e-12 
1, 	 7, 	 7, 	 6, 	 6, 	 5, 	 5, 	 16821682027329.76, 	 0, 	 16821682029664.87, 	 0.017878, 	 3.6567, 	 0.79952, 	 89.3993, 	 y,  	 1.000000e-12 
1, 	 7, 	 7, 	 6, 	 6, 	 6, 	 6, 	 178.3551, 	 0, 	 14.5261, 	 0.032939, 	 1, 	 1, 	 1, 	 y,  	 1.000000e-12 
1, 	 7, 	 7, 	 6, 	 6, 	 6, 	 6, 	 2934620531898.166, 	 0, 	 2934620532620.411, 	 0.069908, 	 2.1223, 	 0.80665, 	 83.7685, 	 y,  	 1.000000e-12 
1, 	 5, 	 6, 	 5, 	 5, 	 5, 	 5, 	 190.38, 	 0, 	 6.8773, 	 0.12736, 	 1, 	 1, 	 1, 	 y,  	 1.000000e-12 
1, 	 5, 	 6, 	 5, 	 5, 	 5, 	 5, 	 8657847900872.489, 	 0, 	 8657847893372.891, 	 0.77268, 	 6.9206, 	 0.74021, 	 241.3305, 	 y,  	 1.000000e-12 
1, 	 5, 	 6, 	 5, 	 5, 	 5, 	 4, 	 389.4773, 	 0, 	 10.2814, 	 0.054399, 	 1, 	 1, 	 1, 	 y,  	 1.000000e-12 
1, 	 5, 	 6, 	 5, 	 5, 	 5, 	 4, 	 23789943431422.38, 	 0, 	 23789943435737.24, 	 0.38712, 	 8.1175, 	 0.74021, 	 264.0135, 	 y,  	 1.000000e-12 
1, 	 5, 	 6, 	 5, 	 5, 	 5, 	 3, 	 595.2047, 	 0, 	 13.588, 	 0.02696, 	 1, 	 1, 	 1, 	 y,  	 1.000000e-12 
1, 	 5, 	 6, 	 5, 	 5, 	 5, 	 3, 	 39902654731873.56, 	 0, 	 39902656170085.39, 	 0.19412, 	 8.2132, 	 0.74021, 	 276.2545, 	 y,  	 1.000000e-12 
1, 	 5, 	 6, 	 5, 	 5, 	 5, 	 2, 	 803.3363, 	 0, 	 16.7675, 	 0.014786, 	 1, 	 1, 	 1, 	 y,  	 1.000000e-12 
1, 	 5, 	 6, 	 5, 	 5, 	 5, 	 2, 	 55152961785837.28, 	 0, 	 55152961784917.06, 	 0.10351, 	 7.9851, 	 0.74021, 	 284.1889, 	 y,  	 1.000000e-12 
1, 	 5, 	 6, 	 5, 	 5, 	 5, 	 1, 	 1010.7674, 	 0, 	 19.8072, 	 0.0087333, 	 1, 	 1, 	 1, 	 y,  	 1.000000e-12 
1, 	 5, 	 6, 	 5, 	 5, 	 5, 	 1, 	 68895719123530.46, 	 0, 	 68895719117585.2, 	 0.058605, 	 7.6545, 	 0.74021, 	 289.8227, 	 y,  	 1.000000e-12 
1, 	 5, 	 6, 	 5, 	 5, 	 5, 	 0, 	 1215.427, 	 0, 	 22.704, 	 0.0054603, 	 1, 	 1, 	 1, 	 y,  	 1.000000e-12 
1, 	 5, 	 6, 	 5, 	 5, 	 5, 	 0, 	 80978119262440.69, 	 0, 	 80978119261936.38, 	 0.034944, 	 7.3, 	 0.74021, 	 294.0563, 	 y,  	 1.000000e-12 
1, 	 5, 	 6, 	 5, 	 5, 	 4, 	 5, 	 377.7401, 	 0, 	 13.7831, 	 0.04254, 	 1, 	 1, 	 1, 	 y,  	 1.000000e-12 
1, 	 5, 	 6, 	 5, 	 5, 	 4, 	 5, 	 10758729388316.69, 	 0, 	 10758729377816.78, 	 0.29147, 	 6.8515, 	 0.74021, 	 219.7698, 	 y,  	 1.000000e-12 
1, 	 5, 	 6, 	 5, 	 5, 	 4, 	 4, 	 772.7766, 	 0, 	 20.6053, 	 0.01817, 	 1, 	 1, 	 1, 	 y,  	 1.000000e-12 
1, 	 5, 	 6, 	 5, 	 5, 	 4, 	 4, 	 29562724380022.73, 	 0, 	 29562724657028.77, 	 0.14603, 	 8.0365, 	 0.74021, 	 240.4263, 	 y,  	 1.000000e-12 
1, 	 5, 	 6, 	 5, 	 5, 	 4, 	 3, 	 1180.9682, 	 0, 	 27.2323, 	 0.0090054, 	 1, 	 1, 	 1, 	 y,  	 1.000000e-12 
1, 	 5, 	 6, 	 5, 	 5, 	 4, 	 3, 	 49585285242548.2, 	 0, 	 49585285244100.12, 	 0.073225, 	 8.1312, 	 0.74021, 	 251.5737, 	 y,  	 1.000000e-12 
1, 	 5, 	 6, 	 5, 	 5, 	 4, 	 2, 	 1593.9301, 	 0, 	 33.6045, 	 0.0049389, 	 1, 	 1, 	 1, 	 y,  	 1.000000e-12 
1, 	 5, 	 6, 	 5, 	 5, 	 4, 	 2, 	 68536175851531.64, 	 0, 	 68536175554466.77, 	 0.039044, 	 7.9053, 	 0.74021, 	 258.7992, 	 y,  	 1.000000e-12 
1, 	 5, 	 6, 	 5, 	 5, 	 4, 	 1, 	 2005.5018, 	 0, 	 39.6965, 	 0.0029171, 	 1, 	 1, 	 1, 	 y,  	 1.000000e-12 
1, 	 5, 	 6, 	 5, 	 5, 	 4, 	 1, 	 85613700972149.3, 	 0, 	 85613700958011.84, 	 0.022107, 	 7.5781, 	 0.74021, 	 263.9297, 	 y,  	 1.000000e-12 
1, 	 5, 	 6, 	 5, 	 5, 	 4, 	 0, 	 2411.5747, 	 0, 	 45.5021, 	 0.0018239, 	 1, 	 1, 	 1, 	 y,  	 1.000000e-12 
1, 	 5, 	 6, 	 5, 	 5, 	 4, 	 0, 	 100627973975087.6, 	 0, 	 100627975552827.9, 	 0.013181, 	 7.2272, 	 0.74021, 	 267.7851, 	 y,  	 1.000000e-12 
1, 	 5, 	 6, 	 5, 	 5, 	 3, 	 5, 	 560.9272, 	 0, 	 20.6053, 	 0.01817, 	 1, 	 1, 	 1, 	 y,  	 1.000000e-12 
1, 	 5, 	 6, 	 5, 	 5, 	 3, 	 5, 	 11395456585278.69, 	 0, 	 11395456605367.99, 	 0.12366, 	 6.8056, 	 0.74021, 	 205.409, 	 y,  	 1.000000e-12 
